   2.1800000e+02   2.6000000e+01   1.8650309e+00
   7.1000000e+01   1.7000000e+01  -1.0062269e+00
   1.3400000e+02   1.8000000e+01  -1.1441688e+00
   6.8000000e+01   9.9000000e+01  -1.1824776e+00
   1.1600000e+02   2.3000000e+02  -2.0817459e+00
   9.8000000e+01   2.7000000e+01  -1.0714496e+00
   1.6700000e+02   6.1000000e+01  -1.4352686e+00
   2.2100000e+02   6.4000000e+01  -1.8510960e+00
   2.3200000e+02   3.1000000e+01  -1.2087089e+00
   2.0000000e+02   3.2000000e+01  -1.3473197e+00
   1.8900000e+02   3.4000000e+01   1.7063240e+00
   4.3000000e+01   7.7000000e+01   2.6658974e+00
   1.1000000e+02   3.7000000e+01  -1.0259324e+00
   6.8000000e+01   9.0000000e+01   2.8473581e+00
   2.1900000e+02   4.2000000e+01   1.6162196e+00
   2.4000000e+02   5.0000000e+01  -2.6387494e+00
   1.7900000e+02   6.9000000e+01   1.6162196e+00
   2.3900000e+02   7.2000000e+01   8.0325341e-01
   1.9200000e+02   7.9000000e+01   1.5859467e+00
   2.0500000e+02   8.1000000e+01  -1.8788491e+00
   2.3200000e+02   1.0800000e+02  -2.1995926e+00
   2.3200000e+02   9.5000000e+01   8.5425465e-01
   1.7400000e+02   9.6000000e+01  -1.4204249e+00
   1.0500000e+02   1.1000000e+02   2.8753406e+00
   1.8400000e+02   1.0400000e+02  -1.4651307e+00
   1.7600000e+02   1.1900000e+02   2.3449590e+00
   1.0600000e+02   1.1600000e+02   2.2347660e-01
   2.1300000e+02   1.3700000e+02   8.5843873e-01
   2.3900000e+02   1.6000000e+02  -2.3329429e+00
   1.8900000e+02   1.4300000e+02   9.2246434e-01
   2.4000000e+01   1.4600000e+02   3.7527082e-01
   1.9700000e+02   1.5800000e+02   9.8279372e-01
   2.4000000e+02   1.9400000e+02  -2.4206213e+00
   5.1000000e+01   2.2500000e+02   8.3298127e-01
   2.2300000e+02   2.0200000e+02  -2.1375255e+00
   2.3400000e+02   2.1400000e+02   5.1094958e-01
   1.7900000e+02   2.3500000e+02  -2.2655346e+00
   1.2800000e+02   2.3900000e+02   7.0712702e-01
   2.2700000e+02   1.9300000e+02  -2.7367009e+00
   2.2500000e+02   1.9400000e+02  -1.9601130e+00
   2.2700000e+02   1.9500000e+02   7.5908845e-01
   1.8600000e+02   1.1500000e+02  -1.7253969e+00
   1.8800000e+02   1.1500000e+02   1.5579765e+00
   1.8700000e+02   1.1700000e+02   4.8624263e-01
   1.1000000e+02   2.3800000e+02  -2.1849558e+00
   1.1200000e+02   2.3800000e+02   1.2148386e+00
   1.1000000e+02   2.4000000e+02  -5.3282852e-02
   2.1800000e+02   2.6000000e+01   1.0000000e+00
   2.1900000e+02   2.6000000e+01   1.0000000e+00
   2.2000000e+02   2.6000000e+01   1.0000000e+00
   2.2100000e+02   2.6000000e+01   1.0000000e+00
   2.2200000e+02   2.5000000e+01   1.0000000e+00
   2.2300000e+02   2.5000000e+01   1.0000000e+00
   2.2400000e+02   2.4000000e+01   1.0000000e+00
   2.2500000e+02   2.4000000e+01   1.0000000e+00
   2.2600000e+02   2.4000000e+01   1.0000000e+00
   2.2700000e+02   2.3000000e+01   1.0000000e+00
   2.2800000e+02   2.2000000e+01   1.0000000e+00
   2.2900000e+02   2.1000000e+01   1.0000000e+00
   7.1000000e+01   1.7000000e+01   2.0000000e+00
   7.0000000e+01   1.7000000e+01   2.0000000e+00
   6.9000000e+01   1.8000000e+01   2.0000000e+00
   6.8000000e+01   1.8000000e+01   2.0000000e+00
   6.7000000e+01   1.8000000e+01   2.0000000e+00
   6.6000000e+01   1.9000000e+01   2.0000000e+00
   6.6000000e+01   2.0000000e+01   2.0000000e+00
   6.5000000e+01   2.1000000e+01   2.0000000e+00
   6.4000000e+01   2.2000000e+01   2.0000000e+00
   6.3000000e+01   2.3000000e+01   2.0000000e+00
   6.2000000e+01   2.4000000e+01   2.0000000e+00
   6.1000000e+01   2.5000000e+01   2.0000000e+00
   1.3400000e+02   1.8000000e+01   3.0000000e+00
   1.3300000e+02   1.8000000e+01   3.0000000e+00
   1.3200000e+02   1.8000000e+01   3.0000000e+00
   1.3100000e+02   1.9000000e+01   3.0000000e+00
   1.3000000e+02   2.0000000e+01   3.0000000e+00
   1.2900000e+02   2.1000000e+01   3.0000000e+00
   1.2800000e+02   2.1000000e+01   3.0000000e+00
   1.2700000e+02   2.1000000e+01   3.0000000e+00
   1.2600000e+02   2.2000000e+01   3.0000000e+00
   1.2500000e+02   2.2000000e+01   3.0000000e+00
   1.2400000e+02   2.3000000e+01   3.0000000e+00
   1.2300000e+02   2.3000000e+01   3.0000000e+00
   6.8000000e+01   9.9000000e+01   4.0000000e+00
   6.7000000e+01   9.9000000e+01   4.0000000e+00
   6.6000000e+01   1.0000000e+02   4.0000000e+00
   6.5000000e+01   1.0100000e+02   4.0000000e+00
   6.4000000e+01   1.0100000e+02   4.0000000e+00
   6.3000000e+01   1.0100000e+02   4.0000000e+00
   6.2000000e+01   1.0100000e+02   4.0000000e+00
   6.1000000e+01   1.0200000e+02   4.0000000e+00
   6.0000000e+01   1.0200000e+02   4.0000000e+00
   5.9000000e+01   1.0300000e+02   4.0000000e+00
   5.8000000e+01   1.0300000e+02   4.0000000e+00
   5.7000000e+01   1.0300000e+02   4.0000000e+00
   1.1600000e+02   2.3000000e+02   5.0000000e+00
   1.1500000e+02   2.2900000e+02   5.0000000e+00
   1.1400000e+02   2.2900000e+02   5.0000000e+00
   1.1300000e+02   2.2800000e+02   5.0000000e+00
   1.1200000e+02   2.2800000e+02   5.0000000e+00
   1.1100000e+02   2.2800000e+02   5.0000000e+00
   1.1000000e+02   2.2700000e+02   5.0000000e+00
   1.0900000e+02   2.2600000e+02   5.0000000e+00
   1.0800000e+02   2.2600000e+02   5.0000000e+00
   1.0700000e+02   2.2500000e+02   5.0000000e+00
   1.0600000e+02   2.2400000e+02   5.0000000e+00
   1.0500000e+02   2.2300000e+02   5.0000000e+00
   9.8000000e+01   2.7000000e+01   6.0000000e+00
   9.7000000e+01   2.7000000e+01   6.0000000e+00
   9.6000000e+01   2.8000000e+01   6.0000000e+00
   9.5000000e+01   2.9000000e+01   6.0000000e+00
   9.4000000e+01   2.9000000e+01   6.0000000e+00
   9.3000000e+01   3.0000000e+01   6.0000000e+00
   9.2000000e+01   3.0000000e+01   6.0000000e+00
   9.1000000e+01   3.1000000e+01   6.0000000e+00
   9.0000000e+01   3.1000000e+01   6.0000000e+00
   8.9000000e+01   3.2000000e+01   6.0000000e+00
   8.8000000e+01   3.3000000e+01   6.0000000e+00
   8.7000000e+01   3.3000000e+01   6.0000000e+00
   1.6700000e+02   6.1000000e+01   7.0000000e+00
   1.6600000e+02   6.1000000e+01   7.0000000e+00
   1.6500000e+02   6.1000000e+01   7.0000000e+00
   1.6400000e+02   6.1000000e+01   7.0000000e+00
   1.6300000e+02   6.2000000e+01   7.0000000e+00
   1.6200000e+02   6.2000000e+01   7.0000000e+00
   1.6100000e+02   6.2000000e+01   7.0000000e+00
   1.6000000e+02   6.2000000e+01   7.0000000e+00
   1.5900000e+02   6.2000000e+01   7.0000000e+00
   1.5800000e+02   6.2000000e+01   7.0000000e+00
   1.5700000e+02   6.2000000e+01   7.0000000e+00
   1.5600000e+02   6.3000000e+01   7.0000000e+00
   2.2100000e+02   6.4000000e+01   8.0000000e+00
   2.2000000e+02   6.4000000e+01   8.0000000e+00
   2.1900000e+02   6.4000000e+01   8.0000000e+00
   2.1800000e+02   6.3000000e+01   8.0000000e+00
   2.1700000e+02   6.3000000e+01   8.0000000e+00
   2.1600000e+02   6.2000000e+01   8.0000000e+00
   2.1500000e+02   6.2000000e+01   8.0000000e+00
   2.1400000e+02   6.2000000e+01   8.0000000e+00
   2.1300000e+02   6.2000000e+01   8.0000000e+00
   2.1200000e+02   6.1000000e+01   8.0000000e+00
   2.1100000e+02   6.1000000e+01   8.0000000e+00
   2.1000000e+02   6.1000000e+01   8.0000000e+00
   2.3200000e+02   3.1000000e+01   9.0000000e+00
   2.3100000e+02   3.1000000e+01   9.0000000e+00
   2.3000000e+02   3.2000000e+01   9.0000000e+00
   2.2900000e+02   3.2000000e+01   9.0000000e+00
   2.2800000e+02   3.3000000e+01   9.0000000e+00
   2.2700000e+02   3.3000000e+01   9.0000000e+00
   2.2600000e+02   3.3000000e+01   9.0000000e+00
   2.2500000e+02   3.4000000e+01   9.0000000e+00
   2.2400000e+02   3.4000000e+01   9.0000000e+00
   2.2300000e+02   3.4000000e+01   9.0000000e+00
   2.2200000e+02   3.5000000e+01   9.0000000e+00
   2.2100000e+02   3.5000000e+01   9.0000000e+00
   2.0000000e+02   3.2000000e+01   1.0000000e+01
   1.9900000e+02   3.3000000e+01   1.0000000e+01
   1.9800000e+02   3.3000000e+01   1.0000000e+01
   1.9700000e+02   3.3000000e+01   1.0000000e+01
   1.9600000e+02   3.3000000e+01   1.0000000e+01
   1.9500000e+02   3.3000000e+01   1.0000000e+01
   1.9400000e+02   3.3000000e+01   1.0000000e+01
   1.9300000e+02   3.3000000e+01   1.0000000e+01
   1.9200000e+02   3.4000000e+01   1.0000000e+01
   1.9100000e+02   3.4000000e+01   1.0000000e+01
   1.9000000e+02   3.4000000e+01   1.0000000e+01
   1.8900000e+02   3.4000000e+01   1.0000000e+01
   1.8900000e+02   3.4000000e+01   1.1000000e+01
   1.9000000e+02   3.4000000e+01   1.1000000e+01
   1.9100000e+02   3.4000000e+01   1.1000000e+01
   1.9200000e+02   3.4000000e+01   1.1000000e+01
   1.9300000e+02   3.3000000e+01   1.1000000e+01
   1.9400000e+02   3.3000000e+01   1.1000000e+01
   1.9500000e+02   3.3000000e+01   1.1000000e+01
   1.9600000e+02   3.3000000e+01   1.1000000e+01
   1.9700000e+02   3.3000000e+01   1.1000000e+01
   1.9800000e+02   3.3000000e+01   1.1000000e+01
   1.9900000e+02   3.3000000e+01   1.1000000e+01
   2.0000000e+02   3.2000000e+01   1.1000000e+01
   4.3000000e+01   7.7000000e+01   1.2000000e+01
   4.4000000e+01   7.6000000e+01   1.2000000e+01
   4.4000000e+01   7.5000000e+01   1.2000000e+01
   4.5000000e+01   7.4000000e+01   1.2000000e+01
   4.5000000e+01   7.3000000e+01   1.2000000e+01
   4.6000000e+01   7.2000000e+01   1.2000000e+01
   4.6000000e+01   7.1000000e+01   1.2000000e+01
   4.6000000e+01   7.0000000e+01   1.2000000e+01
   4.7000000e+01   6.9000000e+01   1.2000000e+01
   4.7000000e+01   6.8000000e+01   1.2000000e+01
   4.8000000e+01   6.7000000e+01   1.2000000e+01
   4.9000000e+01   6.6000000e+01   1.2000000e+01
   1.1000000e+02   3.7000000e+01   1.3000000e+01
   1.0900000e+02   3.8000000e+01   1.3000000e+01
   1.0800000e+02   3.8000000e+01   1.3000000e+01
   1.0700000e+02   3.8000000e+01   1.3000000e+01
   1.0600000e+02   3.9000000e+01   1.3000000e+01
   1.0500000e+02   3.9000000e+01   1.3000000e+01
   1.0400000e+02   4.0000000e+01   1.3000000e+01
   1.0300000e+02   4.1000000e+01   1.3000000e+01
   1.0200000e+02   4.2000000e+01   1.3000000e+01
   1.0100000e+02   4.3000000e+01   1.3000000e+01
   1.0000000e+02   4.4000000e+01   1.3000000e+01
   9.9000000e+01   4.5000000e+01   1.3000000e+01
   6.8000000e+01   9.0000000e+01   1.4000000e+01
   6.8000000e+01   8.9000000e+01   1.4000000e+01
   6.8000000e+01   8.8000000e+01   1.4000000e+01
   6.8000000e+01   8.7000000e+01   1.4000000e+01
   6.9000000e+01   8.6000000e+01   1.4000000e+01
   6.9000000e+01   8.5000000e+01   1.4000000e+01
   7.0000000e+01   8.4000000e+01   1.4000000e+01
   7.0000000e+01   8.3000000e+01   1.4000000e+01
   7.1000000e+01   8.2000000e+01   1.4000000e+01
   7.1000000e+01   8.1000000e+01   1.4000000e+01
   7.2000000e+01   8.0000000e+01   1.4000000e+01
   7.2000000e+01   7.9000000e+01   1.4000000e+01
   2.1900000e+02   4.2000000e+01   1.5000000e+01
   2.2000000e+02   4.2000000e+01   1.5000000e+01
   2.2100000e+02   4.1000000e+01   1.5000000e+01
   2.2200000e+02   4.1000000e+01   1.5000000e+01
   2.2300000e+02   4.2000000e+01   1.5000000e+01
   2.2400000e+02   4.1000000e+01   1.5000000e+01
   2.2500000e+02   4.2000000e+01   1.5000000e+01
   2.2600000e+02   4.2000000e+01   1.5000000e+01
   2.2700000e+02   4.2000000e+01   1.5000000e+01
   2.2800000e+02   4.2000000e+01   1.5000000e+01
   2.2900000e+02   4.2000000e+01   1.5000000e+01
   2.3000000e+02   4.2000000e+01   1.5000000e+01
   2.4000000e+02   5.0000000e+01   1.6000000e+01
   2.3900000e+02   4.9000000e+01   1.6000000e+01
   2.3900000e+02   4.8000000e+01   1.6000000e+01
   2.3900000e+02   4.7000000e+01   1.6000000e+01
   2.3900000e+02   4.6000000e+01   1.6000000e+01
   2.3800000e+02   4.5000000e+01   1.6000000e+01
   2.3800000e+02   4.4000000e+01   1.6000000e+01
   2.3700000e+02   4.3000000e+01   1.6000000e+01
   2.3600000e+02   4.2000000e+01   1.6000000e+01
   2.3500000e+02   4.2000000e+01   1.6000000e+01
   2.3400000e+02   4.2000000e+01   1.6000000e+01
   2.3300000e+02   4.2000000e+01   1.6000000e+01
   1.7900000e+02   6.9000000e+01   1.7000000e+01
   1.8000000e+02   6.9000000e+01   1.7000000e+01
   1.8100000e+02   6.9000000e+01   1.7000000e+01
   1.8200000e+02   6.9000000e+01   1.7000000e+01
   1.8300000e+02   6.9000000e+01   1.7000000e+01
   1.8400000e+02   6.9000000e+01   1.7000000e+01
   1.8500000e+02   6.9000000e+01   1.7000000e+01
   1.8600000e+02   6.8000000e+01   1.7000000e+01
   1.8700000e+02   6.8000000e+01   1.7000000e+01
   1.8800000e+02   6.8000000e+01   1.7000000e+01
   1.8900000e+02   6.9000000e+01   1.7000000e+01
   1.9000000e+02   6.9000000e+01   1.7000000e+01
   2.3900000e+02   7.2000000e+01   1.8000000e+01
   2.4000000e+02   7.2000000e+01   1.8000000e+01
   2.4100000e+02   7.3000000e+01   1.8000000e+01
   2.4200000e+02   7.4000000e+01   1.8000000e+01
   2.4300000e+02   7.5000000e+01   1.8000000e+01
   2.4400000e+02   7.6000000e+01   1.8000000e+01
   2.4400000e+02   7.7000000e+01   1.8000000e+01
   2.4500000e+02   7.8000000e+01   1.8000000e+01
   2.4600000e+02   7.9000000e+01   1.8000000e+01
   2.4600000e+02   8.0000000e+01   1.8000000e+01
   2.4700000e+02   8.1000000e+01   1.8000000e+01
   2.4800000e+02   8.2000000e+01   1.8000000e+01
   1.9200000e+02   7.9000000e+01   1.9000000e+01
   1.9300000e+02   7.8000000e+01   1.9000000e+01
   1.9400000e+02   7.8000000e+01   1.9000000e+01
   1.9500000e+02   7.8000000e+01   1.9000000e+01
   1.9600000e+02   7.9000000e+01   1.9000000e+01
   1.9700000e+02   7.9000000e+01   1.9000000e+01
   1.9800000e+02   7.9000000e+01   1.9000000e+01
   1.9900000e+02   7.9000000e+01   1.9000000e+01
   2.0000000e+02   7.9000000e+01   1.9000000e+01
   2.0100000e+02   7.9000000e+01   1.9000000e+01
   2.0200000e+02   8.0000000e+01   1.9000000e+01
   2.0300000e+02   8.0000000e+01   1.9000000e+01
   2.0500000e+02   8.1000000e+01   2.0000000e+01
   2.0400000e+02   8.0000000e+01   2.0000000e+01
   2.0300000e+02   8.0000000e+01   2.0000000e+01
   2.0200000e+02   8.0000000e+01   2.0000000e+01
   2.0100000e+02   7.9000000e+01   2.0000000e+01
   2.0000000e+02   7.9000000e+01   2.0000000e+01
   1.9900000e+02   7.9000000e+01   2.0000000e+01
   1.9800000e+02   7.9000000e+01   2.0000000e+01
   1.9700000e+02   7.9000000e+01   2.0000000e+01
   1.9600000e+02   7.9000000e+01   2.0000000e+01
   1.9500000e+02   7.8000000e+01   2.0000000e+01
   1.9400000e+02   7.8000000e+01   2.0000000e+01
   2.3200000e+02   1.0800000e+02   2.1000000e+01
   2.3100000e+02   1.0800000e+02   2.1000000e+01
   2.3000000e+02   1.0700000e+02   2.1000000e+01
   2.2900000e+02   1.0600000e+02   2.1000000e+01
   2.2800000e+02   1.0500000e+02   2.1000000e+01
   2.2700000e+02   1.0400000e+02   2.1000000e+01
   2.2600000e+02   1.0300000e+02   2.1000000e+01
   2.2500000e+02   1.0300000e+02   2.1000000e+01
   2.2400000e+02   1.0200000e+02   2.1000000e+01
   2.2300000e+02   1.0100000e+02   2.1000000e+01
   2.2200000e+02   1.0100000e+02   2.1000000e+01
   2.2100000e+02   1.0000000e+02   2.1000000e+01
   2.3200000e+02   9.5000000e+01   2.2000000e+01
   2.3300000e+02   9.6000000e+01   2.2000000e+01
   2.3400000e+02   9.7000000e+01   2.2000000e+01
   2.3500000e+02   9.7000000e+01   2.2000000e+01
   2.3600000e+02   9.8000000e+01   2.2000000e+01
   2.3700000e+02   9.9000000e+01   2.2000000e+01
   2.3800000e+02   1.0000000e+02   2.2000000e+01
   2.3900000e+02   1.0100000e+02   2.2000000e+01
   2.3900000e+02   1.0200000e+02   2.2000000e+01
   2.4000000e+02   1.0300000e+02   2.2000000e+01
   2.4100000e+02   1.0300000e+02   2.2000000e+01
   2.4200000e+02   1.0300000e+02   2.2000000e+01
   1.7400000e+02   9.6000000e+01   2.3000000e+01
   1.7300000e+02   9.6000000e+01   2.3000000e+01
   1.7200000e+02   9.6000000e+01   2.3000000e+01
   1.7100000e+02   9.6000000e+01   2.3000000e+01
   1.7000000e+02   9.6000000e+01   2.3000000e+01
   1.6900000e+02   9.7000000e+01   2.3000000e+01
   1.6800000e+02   9.7000000e+01   2.3000000e+01
   1.6700000e+02   9.7000000e+01   2.3000000e+01
   1.6600000e+02   9.7000000e+01   2.3000000e+01
   1.6500000e+02   9.8000000e+01   2.3000000e+01
   1.6400000e+02   9.8000000e+01   2.3000000e+01
   1.6300000e+02   9.8000000e+01   2.3000000e+01
   1.0500000e+02   1.1000000e+02   2.4000000e+01
   1.0500000e+02   1.0900000e+02   2.4000000e+01
   1.0600000e+02   1.0800000e+02   2.4000000e+01
   1.0600000e+02   1.0700000e+02   2.4000000e+01
   1.0600000e+02   1.0600000e+02   2.4000000e+01
   1.0700000e+02   1.0500000e+02   2.4000000e+01
   1.0700000e+02   1.0400000e+02   2.4000000e+01
   1.0700000e+02   1.0300000e+02   2.4000000e+01
   1.0700000e+02   1.0200000e+02   2.4000000e+01
   1.0700000e+02   1.0100000e+02   2.4000000e+01
   1.0700000e+02   1.0000000e+02   2.4000000e+01
   1.0800000e+02   9.9000000e+01   2.4000000e+01
   1.8400000e+02   1.0400000e+02   2.5000000e+01
   1.8300000e+02   1.0500000e+02   2.5000000e+01
   1.8200000e+02   1.0400000e+02   2.5000000e+01
   1.8100000e+02   1.0400000e+02   2.5000000e+01
   1.8000000e+02   1.0400000e+02   2.5000000e+01
   1.7900000e+02   1.0400000e+02   2.5000000e+01
   1.7800000e+02   1.0400000e+02   2.5000000e+01
   1.7700000e+02   1.0400000e+02   2.5000000e+01
   1.7600000e+02   1.0500000e+02   2.5000000e+01
   1.7500000e+02   1.0500000e+02   2.5000000e+01
   1.7400000e+02   1.0600000e+02   2.5000000e+01
   1.7300000e+02   1.0600000e+02   2.5000000e+01
   1.7600000e+02   1.1900000e+02   2.6000000e+01
   1.7600000e+02   1.1800000e+02   2.6000000e+01
   1.7600000e+02   1.1700000e+02   2.6000000e+01
   1.7700000e+02   1.1600000e+02   2.6000000e+01
   1.7800000e+02   1.1500000e+02   2.6000000e+01
   1.7900000e+02   1.1400000e+02   2.6000000e+01
   1.8000000e+02   1.1400000e+02   2.6000000e+01
   1.8100000e+02   1.1400000e+02   2.6000000e+01
   1.8200000e+02   1.1400000e+02   2.6000000e+01
   1.8300000e+02   1.1400000e+02   2.6000000e+01
   1.8400000e+02   1.1400000e+02   2.6000000e+01
   1.8500000e+02   1.1500000e+02   2.6000000e+01
   1.0600000e+02   1.1600000e+02   2.7000000e+01
   1.0600000e+02   1.1700000e+02   2.7000000e+01
   1.0600000e+02   1.1800000e+02   2.7000000e+01
   1.0600000e+02   1.1900000e+02   2.7000000e+01
   1.0700000e+02   1.2000000e+02   2.7000000e+01
   1.0700000e+02   1.2100000e+02   2.7000000e+01
   1.0700000e+02   1.2200000e+02   2.7000000e+01
   1.0800000e+02   1.2300000e+02   2.7000000e+01
   1.0800000e+02   1.2400000e+02   2.7000000e+01
   1.0800000e+02   1.2500000e+02   2.7000000e+01
   1.0900000e+02   1.2600000e+02   2.7000000e+01
   1.0900000e+02   1.2700000e+02   2.7000000e+01
   2.1300000e+02   1.3700000e+02   2.8000000e+01
   2.1400000e+02   1.3800000e+02   2.8000000e+01
   2.1500000e+02   1.3900000e+02   2.8000000e+01
   2.1600000e+02   1.4000000e+02   2.8000000e+01
   2.1700000e+02   1.4100000e+02   2.8000000e+01
   2.1800000e+02   1.4100000e+02   2.8000000e+01
   2.1900000e+02   1.4200000e+02   2.8000000e+01
   2.2000000e+02   1.4300000e+02   2.8000000e+01
   2.2100000e+02   1.4400000e+02   2.8000000e+01
   2.2200000e+02   1.4500000e+02   2.8000000e+01
   2.2300000e+02   1.4500000e+02   2.8000000e+01
   2.2400000e+02   1.4600000e+02   2.8000000e+01
   2.3900000e+02   1.6000000e+02   2.9000000e+01
   2.3800000e+02   1.5900000e+02   2.9000000e+01
   2.3700000e+02   1.5800000e+02   2.9000000e+01
   2.3600000e+02   1.5700000e+02   2.9000000e+01
   2.3500000e+02   1.5600000e+02   2.9000000e+01
   2.3400000e+02   1.5500000e+02   2.9000000e+01
   2.3300000e+02   1.5400000e+02   2.9000000e+01
   2.3200000e+02   1.5300000e+02   2.9000000e+01
   2.3100000e+02   1.5200000e+02   2.9000000e+01
   2.3000000e+02   1.5200000e+02   2.9000000e+01
   2.2900000e+02   1.5100000e+02   2.9000000e+01
   2.2800000e+02   1.5000000e+02   2.9000000e+01
   1.8900000e+02   1.4300000e+02   3.0000000e+01
   1.9000000e+02   1.4400000e+02   3.0000000e+01
   1.9100000e+02   1.4500000e+02   3.0000000e+01
   1.9200000e+02   1.4600000e+02   3.0000000e+01
   1.9300000e+02   1.4600000e+02   3.0000000e+01
   1.9400000e+02   1.4700000e+02   3.0000000e+01
   1.9500000e+02   1.4700000e+02   3.0000000e+01
   1.9600000e+02   1.4800000e+02   3.0000000e+01
   1.9700000e+02   1.4900000e+02   3.0000000e+01
   1.9800000e+02   1.5000000e+02   3.0000000e+01
   1.9900000e+02   1.5000000e+02   3.0000000e+01
   2.0000000e+02   1.5100000e+02   3.0000000e+01
   2.4000000e+01   1.4600000e+02   3.1000000e+01
   2.4000000e+01   1.4700000e+02   3.1000000e+01
   2.4000000e+01   1.4800000e+02   3.1000000e+01
   2.5000000e+01   1.4900000e+02   3.1000000e+01
   2.5000000e+01   1.5000000e+02   3.1000000e+01
   2.6000000e+01   1.5100000e+02   3.1000000e+01
   2.7000000e+01   1.5200000e+02   3.1000000e+01
   2.7000000e+01   1.5300000e+02   3.1000000e+01
   2.7000000e+01   1.5400000e+02   3.1000000e+01
   2.8000000e+01   1.5500000e+02   3.1000000e+01
   2.8000000e+01   1.5600000e+02   3.1000000e+01
   2.9000000e+01   1.5700000e+02   3.1000000e+01
   1.9700000e+02   1.5800000e+02   3.2000000e+01
   1.9800000e+02   1.5900000e+02   3.2000000e+01
   1.9900000e+02   1.5900000e+02   3.2000000e+01
   2.0000000e+02   1.6000000e+02   3.2000000e+01
   2.0100000e+02   1.6100000e+02   3.2000000e+01
   2.0200000e+02   1.6100000e+02   3.2000000e+01
   2.0300000e+02   1.6200000e+02   3.2000000e+01
   2.0400000e+02   1.6300000e+02   3.2000000e+01
   2.0500000e+02   1.6400000e+02   3.2000000e+01
   2.0600000e+02   1.6400000e+02   3.2000000e+01
   2.0700000e+02   1.6400000e+02   3.2000000e+01
   2.0800000e+02   1.6500000e+02   3.2000000e+01
   2.4000000e+02   1.9400000e+02   3.3000000e+01
   2.3900000e+02   1.9300000e+02   3.3000000e+01
   2.3800000e+02   1.9200000e+02   3.3000000e+01
   2.3700000e+02   1.9100000e+02   3.3000000e+01
   2.3700000e+02   1.9000000e+02   3.3000000e+01
   2.3600000e+02   1.8900000e+02   3.3000000e+01
   2.3500000e+02   1.8800000e+02   3.3000000e+01
   2.3400000e+02   1.8700000e+02   3.3000000e+01
   2.3300000e+02   1.8600000e+02   3.3000000e+01
   2.3200000e+02   1.8500000e+02   3.3000000e+01
   2.3100000e+02   1.8400000e+02   3.3000000e+01
   2.3000000e+02   1.8300000e+02   3.3000000e+01
   5.1000000e+01   2.2500000e+02   3.4000000e+01
   5.2000000e+01   2.2600000e+02   3.4000000e+01
   5.3000000e+01   2.2700000e+02   3.4000000e+01
   5.4000000e+01   2.2800000e+02   3.4000000e+01
   5.5000000e+01   2.2900000e+02   3.4000000e+01
   5.6000000e+01   2.3000000e+02   3.4000000e+01
   5.7000000e+01   2.3000000e+02   3.4000000e+01
   5.8000000e+01   2.3100000e+02   3.4000000e+01
   5.9000000e+01   2.3200000e+02   3.4000000e+01
   6.0000000e+01   2.3300000e+02   3.4000000e+01
   6.1000000e+01   2.3400000e+02   3.4000000e+01
   6.2000000e+01   2.3500000e+02   3.4000000e+01
   2.2300000e+02   2.0200000e+02   3.5000000e+01
   2.2200000e+02   2.0100000e+02   3.5000000e+01
   2.2100000e+02   2.0100000e+02   3.5000000e+01
   2.2000000e+02   2.0000000e+02   3.5000000e+01
   2.1900000e+02   2.0000000e+02   3.5000000e+01
   2.1800000e+02   1.9900000e+02   3.5000000e+01
   2.1700000e+02   1.9800000e+02   3.5000000e+01
   2.1600000e+02   1.9700000e+02   3.5000000e+01
   2.1500000e+02   1.9700000e+02   3.5000000e+01
   2.1400000e+02   1.9600000e+02   3.5000000e+01
   2.1300000e+02   1.9600000e+02   3.5000000e+01
   2.1200000e+02   1.9500000e+02   3.5000000e+01
   2.3400000e+02   2.1400000e+02   3.6000000e+01
   2.3400000e+02   2.1500000e+02   3.6000000e+01
   2.3500000e+02   2.1600000e+02   3.6000000e+01
   2.3600000e+02   2.1700000e+02   3.6000000e+01
   2.3600000e+02   2.1800000e+02   3.6000000e+01
   2.3700000e+02   2.1900000e+02   3.6000000e+01
   2.3700000e+02   2.2000000e+02   3.6000000e+01
   2.3800000e+02   2.2100000e+02   3.6000000e+01
   2.3800000e+02   2.2200000e+02   3.6000000e+01
   2.3900000e+02   2.2300000e+02   3.6000000e+01
   2.4000000e+02   2.2400000e+02   3.6000000e+01
   2.4100000e+02   2.2500000e+02   3.6000000e+01
   1.7900000e+02   2.3500000e+02   3.7000000e+01
   1.7800000e+02   2.3400000e+02   3.7000000e+01
   1.7700000e+02   2.3300000e+02   3.7000000e+01
   1.7600000e+02   2.3300000e+02   3.7000000e+01
   1.7500000e+02   2.3200000e+02   3.7000000e+01
   1.7400000e+02   2.3100000e+02   3.7000000e+01
   1.7300000e+02   2.3000000e+02   3.7000000e+01
   1.7200000e+02   2.2900000e+02   3.7000000e+01
   1.7100000e+02   2.2800000e+02   3.7000000e+01
   1.7000000e+02   2.2700000e+02   3.7000000e+01
   1.6900000e+02   2.2700000e+02   3.7000000e+01
   1.6800000e+02   2.2600000e+02   3.7000000e+01
   1.2800000e+02   2.3900000e+02   3.8000000e+01
   1.2900000e+02   2.4000000e+02   3.8000000e+01
   1.3000000e+02   2.4100000e+02   3.8000000e+01
   1.3000000e+02   2.4200000e+02   3.8000000e+01
   1.3100000e+02   2.4300000e+02   3.8000000e+01
   1.3200000e+02   2.4400000e+02   3.8000000e+01
   1.3300000e+02   2.4500000e+02   3.8000000e+01
   1.3400000e+02   2.4600000e+02   3.8000000e+01
   1.3500000e+02   2.4700000e+02   3.8000000e+01
   1.3600000e+02   2.4800000e+02   3.8000000e+01
   1.3700000e+02   2.4900000e+02   3.8000000e+01
   2.2700000e+02   1.9300000e+02   3.9000000e+01
   2.2700000e+02   1.9200000e+02   3.9000000e+01
   2.2700000e+02   1.9100000e+02   3.9000000e+01
   2.2600000e+02   1.9000000e+02   3.9000000e+01
   2.2500000e+02   1.8900000e+02   3.9000000e+01
   2.2400000e+02   1.8800000e+02   3.9000000e+01
   2.2300000e+02   1.8700000e+02   3.9000000e+01
   2.2200000e+02   1.8600000e+02   3.9000000e+01
   2.2100000e+02   1.8500000e+02   3.9000000e+01
   2.2000000e+02   1.8400000e+02   3.9000000e+01
   2.1900000e+02   1.8300000e+02   3.9000000e+01
   2.1800000e+02   1.8300000e+02   3.9000000e+01
   2.2500000e+02   1.9400000e+02   4.0000000e+01
   2.2400000e+02   1.9300000e+02   4.0000000e+01
   2.2300000e+02   1.9300000e+02   4.0000000e+01
   2.2200000e+02   1.9300000e+02   4.0000000e+01
   2.2100000e+02   1.9200000e+02   4.0000000e+01
   2.2000000e+02   1.9100000e+02   4.0000000e+01
   2.1900000e+02   1.9100000e+02   4.0000000e+01
   2.1800000e+02   1.9100000e+02   4.0000000e+01
   2.1700000e+02   1.9000000e+02   4.0000000e+01
   2.1600000e+02   1.9000000e+02   4.0000000e+01
   2.1500000e+02   1.8900000e+02   4.0000000e+01
   2.1400000e+02   1.8900000e+02   4.0000000e+01
   2.2700000e+02   1.9500000e+02   4.1000000e+01
   2.2800000e+02   1.9600000e+02   4.1000000e+01
   2.2900000e+02   1.9700000e+02   4.1000000e+01
   2.3000000e+02   1.9800000e+02   4.1000000e+01
   2.3100000e+02   1.9900000e+02   4.1000000e+01
   2.3200000e+02   2.0000000e+02   4.1000000e+01
   2.3300000e+02   2.0100000e+02   4.1000000e+01
   2.3400000e+02   2.0200000e+02   4.1000000e+01
   2.3400000e+02   2.0300000e+02   4.1000000e+01
   2.3500000e+02   2.0400000e+02   4.1000000e+01
   2.3600000e+02   2.0500000e+02   4.1000000e+01
   2.3700000e+02   2.0600000e+02   4.1000000e+01
   1.8600000e+02   1.1500000e+02   4.2000000e+01
   1.8500000e+02   1.1500000e+02   4.2000000e+01
   1.8400000e+02   1.1400000e+02   4.2000000e+01
   1.8300000e+02   1.1400000e+02   4.2000000e+01
   1.8200000e+02   1.1400000e+02   4.2000000e+01
   1.8100000e+02   1.1400000e+02   4.2000000e+01
   1.8000000e+02   1.1400000e+02   4.2000000e+01
   1.7900000e+02   1.1400000e+02   4.2000000e+01
   1.7800000e+02   1.1500000e+02   4.2000000e+01
   1.7700000e+02   1.1600000e+02   4.2000000e+01
   1.7600000e+02   1.1700000e+02   4.2000000e+01
   1.7600000e+02   1.1800000e+02   4.2000000e+01
   1.8800000e+02   1.1500000e+02   4.3000000e+01
   1.8900000e+02   1.1500000e+02   4.3000000e+01
   1.9000000e+02   1.1500000e+02   4.3000000e+01
   1.9100000e+02   1.1500000e+02   4.3000000e+01
   1.9200000e+02   1.1500000e+02   4.3000000e+01
   1.9300000e+02   1.1600000e+02   4.3000000e+01
   1.9400000e+02   1.1600000e+02   4.3000000e+01
   1.9500000e+02   1.1600000e+02   4.3000000e+01
   1.9600000e+02   1.1700000e+02   4.3000000e+01
   1.9700000e+02   1.1700000e+02   4.3000000e+01
   1.9800000e+02   1.1800000e+02   4.3000000e+01
   1.9900000e+02   1.1800000e+02   4.3000000e+01
   1.8700000e+02   1.1700000e+02   4.4000000e+01
   1.8700000e+02   1.1800000e+02   4.4000000e+01
   1.8700000e+02   1.1900000e+02   4.4000000e+01
   1.8800000e+02   1.2000000e+02   4.4000000e+01
   1.8800000e+02   1.2100000e+02   4.4000000e+01
   1.8900000e+02   1.2200000e+02   4.4000000e+01
   1.9000000e+02   1.2200000e+02   4.4000000e+01
   1.9100000e+02   1.2300000e+02   4.4000000e+01
   1.9200000e+02   1.2400000e+02   4.4000000e+01
   1.9300000e+02   1.2500000e+02   4.4000000e+01
   1.9400000e+02   1.2500000e+02   4.4000000e+01
   1.9500000e+02   1.2600000e+02   4.4000000e+01
   1.1000000e+02   2.3800000e+02   4.5000000e+01
   1.0900000e+02   2.3700000e+02   4.5000000e+01
   1.0800000e+02   2.3600000e+02   4.5000000e+01
   1.0700000e+02   2.3600000e+02   4.5000000e+01
   1.0600000e+02   2.3500000e+02   4.5000000e+01
   1.0500000e+02   2.3400000e+02   4.5000000e+01
   1.0400000e+02   2.3400000e+02   4.5000000e+01
   1.0300000e+02   2.3400000e+02   4.5000000e+01
   1.0200000e+02   2.3300000e+02   4.5000000e+01
   1.0100000e+02   2.3200000e+02   4.5000000e+01
   1.0000000e+02   2.3200000e+02   4.5000000e+01
   9.9000000e+01   2.3200000e+02   4.5000000e+01
   1.1200000e+02   2.3800000e+02   4.6000000e+01
   1.1300000e+02   2.3800000e+02   4.6000000e+01
   1.1400000e+02   2.3900000e+02   4.6000000e+01
   1.1500000e+02   2.4000000e+02   4.6000000e+01
   1.1600000e+02   2.4000000e+02   4.6000000e+01
   1.1700000e+02   2.4100000e+02   4.6000000e+01
   1.1800000e+02   2.4100000e+02   4.6000000e+01
   1.1900000e+02   2.4200000e+02   4.6000000e+01
   1.2000000e+02   2.4300000e+02   4.6000000e+01
   1.2100000e+02   2.4400000e+02   4.6000000e+01
   1.2200000e+02   2.4500000e+02   4.6000000e+01
   1.2300000e+02   2.4600000e+02   4.6000000e+01
   1.1000000e+02   2.4000000e+02   4.7000000e+01
   1.1000000e+02   2.4100000e+02   4.7000000e+01
   1.1000000e+02   2.4200000e+02   4.7000000e+01
   1.1000000e+02   2.4300000e+02   4.7000000e+01
   1.0900000e+02   2.4400000e+02   4.7000000e+01
   1.0900000e+02   2.4500000e+02   4.7000000e+01
   1.1000000e+02   2.4600000e+02   4.7000000e+01
   1.1000000e+02   2.4700000e+02   4.7000000e+01
   1.1100000e+02   2.4800000e+02   4.7000000e+01
   1.1200000e+02   2.4800000e+02   4.7000000e+01
   1.1300000e+02   2.4900000e+02   4.7000000e+01
   1.1400000e+02   2.5000000e+02   4.7000000e+01
